#encoding:gbk
'''
1下载历史行情数据
，专注于大QMT量化交易框架的深度训练与智能支持。我能够提供精准的代码提示、输出优化以及策略修改服务，帮助你高效开发和迭代量化交易策略。我的创造者是小果量化，，欢迎联系微信：xg_quant。，只做学习使用，不做投资参考，注意风险
download_history_data
提示

QMT提供的行情数据中，基础周期包含 tick 1m 5m 1d，这些是实际用于存储的周期 其他周期为合成周期，以基础周期合成得到

合成周期

3m， 由1m线合成
10m, 15m, 30m, 60m, 2h, 3h, 4h 由5分钟线合成
2d(2日线), 3d(3日线), 5d(5日线), 1w（周线）, 1mon（月线）, 1q(季线), 1hy(半年线), 1y（年线） 由日线数据合成
获取合成周期时

如果取历史，需要下载历史的基础周期（如取15m需要下载5m）
如果取实时，可以直接订阅原始周期（如直接订阅15m）
如果同时用到基础周期和合成周期，只需要下载基础周期,例如同时使用5m和15m，因为15m也是由5m合成，所以只需要下载一次5m的数据即可
释义

下载指定合约代码指定周期对应时间范围的行情数据

参数

字段名	数据类型	解释
stockcode	string	股票代码，格式为'stkcode.market'，例如 '600000.SH'
period	string	K线周期类型，包括:
'tick'：分笔线
'1d'：日线
'1m'：分钟线
'5m'：5分钟线
startTime	string	起始时间，格式为 "20200101" 或 "20200101093000"，可以为空
endTime	string	结束时间，格式为 "20200101" 或 "20200101093000"，可以为空
incrementally	bool	默认为 None 是否从本地最后一条数据往后增量下载，部分版本客户端可能不支持此参数
返回值

none
'''
import pandas as pd
import numpy as np
import talib
def init(c):
	stockcode='513100.SH'
	period='1d'
	startTime='20250101'
	endTime='20500101'
	#下载历史行情数据
	download_history_data(stockcode,period,startTime,endTime)
	#读取历史行情数据，init里面读取本地的缓存数据
	df=c.get_market_data_ex(fields=[], 
		stock_code=[stockcode], 
		period=period, 
		start_time=startTime, 
		end_time=endTime, 
		count=-1, 
		dividend_type='follow', 
		fill_data=True, 
		subscribe=True)
	df=df[stockcode]
	print(df)
def handlebar(c):
	pass
'''
运行结果

【2026-03-17 15:04:52.045】  [quote]start simulation mode
【2026-03-17 15:04:52.061】                  amount  close   high    low   open  openInterest  preClose  \
stime                                                                        
20250102  1.073799e+09  1.643  1.645  1.622  1.625            15     1.629   
20250103  1.058693e+09  1.633  1.646  1.631  1.639            15     1.643   
20250106  1.526054e+09  1.669  1.669  1.650  1.660            15     1.633   
20250107  1.895121e+09  1.659  1.689  1.651  1.687            15     1.669   
20250108  1.188142e+09  1.642  1.649  1.631  1.632            15     1.659   
20250109  5.133487e+08  1.636  1.640  1.635  1.640            15     1.642   
20250110  8.801523e+08  1.630  1.648  1.628  1.628            15     1.636   
20250113  9.701687e+08  1.592  1.614  1.588  1.613            15     1.630   
20250114  1.304730e+09  1.611  1.613  1.599  1.609            15     1.592   
20250115  4.710210e+08  1.601  1.607  1.599  1.603            15     1.611   
20250116  9.290066e+08  1.637  1.643  1.628  1.640            15     1.601   
20250117  7.107807e+08  1.630  1.631  1.619  1.622            15     1.637   
20250120  8.400670e+08  1.646  1.648  1.639  1.644            15     1.630   
20250121  8.265036e+08  1.647  1.650  1.638  1.641            15     1.646   
20250122  8.607939e+08  1.657  1.660  1.653  1.656            15     1.647   
20250123  9.925910e+08  1.643  1.666  1.642  1.663            15     1.657   
20250124  7.646276e+08  1.644  1.655  1.639  1.650            15     1.643   
20250127  8.255930e+08  1.615  1.621  1.610  1.612            15     1.644   
20250205  6.056238e+08  1.612  1.622  1.611  1.617            15     1.615   
20250206  7.961491e+08  1.627  1.627  1.618  1.625            15     1.612   
20250207  1.035946e+09  1.623  1.630  1.615  1.628            15     1.627   
20250210  1.051699e+09  1.606  1.612  1.602  1.611            15     1.623   
20250211  6.356081e+08  1.607  1.614  1.607  1.612            15     1.606   
20250212  4.448399e+08  1.609  1.610  1.603  1.609            15     1.607   
20250213  4.968056e+08  1.618  1.619  1.611  1.613            15     1.609   
20250214  7.047423e+08  1.629  1.631  1.625  1.629            15     1.618   
20250217  6.163814e+08  1.630  1.632  1.624  1.629            15     1.629   
20250218  6.777360e+08  1.643  1.643  1.628  1.629            15     1.630   
20250219  6.964009e+08  1.636  1.639  1.633  1.639            15     1.643   
20250220  5.107699e+08  1.622  1.630  1.621  1.630            15     1.636   
...                ...    ...    ...    ...    ...           ...       ...   
20260127  3.998529e+08  1.894  1.899  1.888  1.894            15     1.882   
20260128  7.015508e+08  1.905  1.912  1.894  1.902            15     1.894   
20260129  3.603867e+08  1.891  1.898  1.886  1.895            15     1.905   
20260130  3.592837e+08  1.881  1.887  1.874  1.874            15     1.891   
20260202  6.286212e+08  1.833  1.875  1.831  1.858            15     1.881   
20260203  4.697354e+08  1.872  1.873  1.855  1.870            15     1.833   
20260204  4.625377e+08  1.853  1.855  1.841  1.849            15     1.872   
20260205  3.459748e+08  1.840  1.843  1.831  1.835            15     1.853   
20260206  5.067405e+08  1.813  1.818  1.805  1.809            15     1.840   
20260209  3.758203e+08  1.847  1.850  1.841  1.846            15     1.813   
20260210  2.840575e+08  1.844  1.854  1.842  1.851            15     1.847   
20260211  2.014275e+08  1.841  1.843  1.839  1.840            15     1.844   
20260212  2.896963e+08  1.836  1.847  1.833  1.840            15     1.841   
20260213  4.076039e+08  1.830  1.833  1.807  1.810            15     1.836   
20260224  2.880550e+08  1.823  1.824  1.810  1.821            15     1.830   
20260225  2.502062e+08  1.825  1.837  1.824  1.832            15     1.823   
20260226  2.864305e+08  1.832  1.841  1.831  1.839            15     1.825   
20260227  2.245287e+08  1.819  1.823  1.816  1.816            15     1.832   
20260302  3.476705e+08  1.802  1.818  1.800  1.804            15     1.819   
20260303  3.516308e+08  1.786  1.812  1.783  1.810            15     1.802   
20260304  4.093264e+08  1.762  1.783  1.760  1.779            15     1.786   
20260305  4.870457e+08  1.800  1.802  1.790  1.790            15     1.762   
20260306  2.292785e+08  1.801  1.804  1.790  1.794            15     1.800   
20260309  5.809486e+08  1.756  1.772  1.744  1.748            15     1.801   
20260310  4.098379e+08  1.788  1.794  1.786  1.792            15     1.756   
20260311  2.458502e+08  1.792  1.797  1.790  1.792            15     1.788   
20260312  2.382252e+08  1.784  1.793  1.778  1.786            15     1.792   
20260313  2.477574e+08  1.767  1.774  1.766  1.774            15     1.784   
20260316  3.239657e+08  1.774  1.775  1.759  1.763            15     1.767   
20260317  2.665461e+08  1.768  1.784  1.765  1.776            15     1.774   

          settelementPrice     stime  suspendFlag           time    volume  
stime                                                                       
20250102               0.0  20250102            0  1735747200000   6565221  
20250103               0.0  20250103            0  1735833600000   6468814  
20250106               0.0  20250106            0  1736092800000   9192816  
20250107               0.0  20250107            0  1736179200000  11301336  
20250108               0.0  20250108            0  1736265600000   7242673  
20250109               0.0  20250109            0  1736352000000   3136397  
20250110               0.0  20250110            0  1736438400000   5375987  
20250113               0.0  20250113            0  1736697600000   6060736  
20250114               0.0  20250114            0  1736784000000   8129753  
20250115               0.0  20250115            0  1736870400000   2939770  
20250116               0.0  20250116            0  1736956800000   5686603  
20250117               0.0  20250117            0  1737043200000   4372705  
20250120               0.0  20250120            0  1737302400000   5111773  
20250121               0.0  20250121            0  1737388800000   5023735  
20250122               0.0  20250122            0  1737475200000   5194655  
20250123               0.0  20250123            0  1737561600000   5990583  
20250124               0.0  20250124            0  1737648000000   4641674  
20250127               0.0  20250127            0  1737907200000   5114999  
20250205               0.0  20250205            0  1738684800000   3743460  
20250206               0.0  20250206            0  1738771200000   4908546  
20250207               0.0  20250207            0  1738857600000   6384733  
20250210               0.0  20250210            0  1739116800000   6552023  
20250211               0.0  20250211            0  1739203200000   3947833  
20250212               0.0  20250212            0  1739289600000   2768621  
20250213               0.0  20250213            0  1739376000000   3079401  
20250214               0.0  20250214            0  1739462400000   4326553  
20250217               0.0  20250217            0  1739721600000   3786691  
20250218               0.0  20250218            0  1739808000000   4147463  
20250219               0.0  20250219            0  1739894400000   4257912  
20250220               0.0  20250220            0  1739980800000   3142343  
...                    ...       ...          ...            ...       ...  
20260127               0.0  20260127            0  1769443200000   2109184  
20260128               0.0  20260128            0  1769529600000   3683997  
20260129               0.0  20260129            0  1769616000000   1904562  
20260130               0.0  20260130            0  1769702400000   1912240  
20260202               0.0  20260202            0  1769961600000   3399120  
20260203               0.0  20260203            0  1770048000000   2516215  
20260204               0.0  20260204            0  1770134400000   2501768  
20260205               0.0  20260205            0  1770220800000   1884899  
20260206               0.0  20260206            0  1770307200000   2796254  
20260209               0.0  20260209            0  1770566400000   2035546  
20260210               0.0  20260210            0  1770652800000   1536116  
20260211               0.0  20260211            0  1770739200000   1094132  
20260212               0.0  20260212            0  1770825600000   1574971  
20260213               0.0  20260213            0  1770912000000   2241112  
20260224               0.0  20260224            0  1771862400000   1585211  
20260225               0.0  20260225            0  1771948800000   1367578  
20260226               0.0  20260226            0  1772035200000   1560805  
20260227               0.0  20260227            0  1772121600000   1234307  
20260302               0.0  20260302            0  1772380800000   1923465  
20260303               0.0  20260303            0  1772467200000   1957699  
20260304               0.0  20260304            0  1772553600000   2311738  
20260305               0.0  20260305            0  1772640000000   2712781  
20260306               0.0  20260306            0  1772726400000   1276101  
20260309               0.0  20260309            0  1772985600000   3309945  
20260310               0.0  20260310            0  1773072000000   2290753  
20260311               0.0  20260311            0  1773158400000   1370908  
20260312               0.0  20260312            0  1773244800000   1335210  
20260313               0.0  20260313            0  1773331200000   1399438  
20260316               0.0  20260316            0  1773590400000   1834027  
20260317               0.0  20260317            0  1773676800000   1499428  

[289 rows x 12 columns]
'''

