
0159001
0159003
0159005
0159007
0159009
0159010
0159012
0159016
0159019
0159021
0159022
0159026
0159027
0159028
0159029
0159032
0159035
0159038
0159100
0159101
0159102
0159103
0159105
0159106
0159107
0159108
0159109
0159110
0159111
0159112
0159113
0159115
0159116
0159117
0159118
0159119
0159120
0159121
0159122
0159123
0159125
0159126
0159127
0159128
0159129
0159130
0159131
0159132
0159133
0159135
0159136
0159137
0159138
0159139
0159140
0159141
0159142
0159143
0159145
0159146
0159147
0159148
0159149
0159150
0159151
0159152
0159153
0159155
0159156
0159157
0159158
0159159
0159160
0159162
0159163
0159165
0159166
0159167
0159168
0159169
0159170
0159171
0159172
0159173
0159175
0159176
0159177
0159179
0159180
0159181
0159183
0159185
0159186
0159187
0159188
0159189
0159190
0159191
0159195
0159196
0159197
0159198
0159199
0159200
0159201
0159202
0159203
0159205
0159206
0159207
0159208
0159209
0159210
0159211
0159212
0159213
0159215
0159216
0159217
0159218
0159219
0159220
0159221
0159222
0159223
0159225
0159226
0159227
0159228
0159229
0159230
0159231
0159232
0159233
0159235
0159236
0159237
0159238
0159239
0159240
0159241
0159242
0159243
0159245
0159246
0159247
0159248
0159249
0159251
0159253
0159255
0159256
0159257
0159258
0159259
0159260
0159261
0159262
0159263
0159265
0159266
0159267
0159268
0159269
0159270
0159271
0159272
0159273
0159275
0159276
0159277
0159278
0159279
0159280
0159281
0159283
0159285
0159286
0159287
0159288
0159289
0159290
0159291
0159292
0159293
0159295
0159296
0159297
0159298
0159299
0159300
0159301
0159302
0159303
0159305
0159306
0159307
0159309
0159310
0159311
0159312
0159315
0159316
0159318
0159320
0159321
0159322
0159323
0159325
0159326
0159327
0159328
0159329
0159330
0159331
0159332
0159333
0159335
0159336
0159337
0159338
0159339
0159350
0159351
0159352
0159353
0159355
0159356
0159357
0159358
0159359
0159360
0159361
0159362
0159363
0159365
0159366
0159367
0159368
0159369
0159370
0159371
0159372
0159373
0159375
0159376
0159377
0159378
0159379
0159380
0159381
0159382
0159383
0159385
0159386
0159387
0159388
0159389
0159390
0159391
0159392
0159393
0159395
0159396
0159397
0159398
0159399
0159400
0159500
0159501
0159502
0159505
0159506
0159507
0159508
0159509
0159510
0159511
0159512
0159513
0159515
0159516
0159517
0159518
0159519
0159520
0159521
0159523
0159525
0159526
0159527
0159528
0159529
0159530
0159531
0159532
0159533
0159535
0159536
0159537
0159538
0159539
0159540
0159541
0159542
0159543
0159545
0159546
0159547
0159549
0159550
0159551
0159552
0159553
0159555
0159556
0159557
0159558
0159559
0159560
0159561
0159562
0159563
0159565
0159566
0159567
0159568
0159569
0159570
0159571
0159572
0159573
0159575
0159576
0159577
0159578
0159581
0159582
0159583
0159586
0159587
0159588
0159589
0159590
0159591
0159592
0159593
0159595
0159596
0159597
0159599
0159600
0159601
0159602
0159603
0159605
0159606
0159607
0159608
0159609
0159610
0159611
0159612
0159613
0159615
0159616
0159617
0159618
0159619
0159620
0159621
0159622
0159623
0159625
0159627
0159628
0159629
0159630
0159631
0159632
0159633
0159635
0159636
0159637
0159638
0159639
0159640
0159641
0159642
0159643
0159645
0159647
0159649
0159650
0159651
0159652
0159653
0159655
0159656
0159657
0159658
0159659
0159660
0159661
0159662
0159663
0159665
0159666
0159667
0159669
0159670
0159671
0159672
0159673
0159675
0159676
0159677
0159678
0159679
0159680
0159681
0159682
0159685
0159686
0159687
0159688
0159689
0159690
0159691
0159692
0159695
0159696
0159697
0159698
0159699
0159700
0159701
0159703
0159706
0159707
0159708
0159709
0159711
0159712
0159713
0159715
0159716
0159717
0159718
0159719
0159720
0159721
0159723
0159725
0159726
0159728
0159729
0159730
0159731
0159732
0159735
0159736
0159738
0159739
0159740
0159741
0159742
0159743
0159745
0159747
0159748
0159750
0159751
0159752
0159755
0159757
0159758
0159760
0159761
0159763
0159766
0159767
0159768
0159770
0159773
0159775
0159776
0159777
0159778
0159779
0159780
0159781
0159782
0159783
0159786
0159787
0159788
0159790
0159791
0159792
0159793
0159795
0159796
0159797
0159798
0159800
0159801
0159804
0159805
0159806
0159807
0159808
0159810
0159811
0159812
0159813
0159814
0159816
0159819
0159820
0159821
0159822
0159824
0159825
0159827
0159828
0159830
0159831
0159834
0159835
0159836
0159837
0159838
0159839
0159840
0159841
0159842
0159843
0159845
0159847
0159848
0159849
0159850
0159851
0159852
0159855
0159856
0159857
0159858
0159859
0159861
0159862
0159863
0159864
0159865
0159866
0159867
0159869
0159870
0159871
0159872
0159873
0159875
0159876
0159877
0159880
0159881
0159883
0159885
0159886
0159887
0159888
0159889
0159890
0159891
0159892
0159895
0159896
0159898
0159899
0159901
0159902
0159903
0159905
0159906
0159907
0159908
0159909
0159910
0159912
0159913
0159915
0159916
0159918
0159919
0159920
0159922
0159923
0159925
0159928
0159929
0159930
0159931
0159933
0159934
0159935
0159936
0159937
0159938
0159939
0159940
0159941
0159943
0159944
0159945
0159948
0159949
0159952
0159954
0159956
0159957
0159958
0159959
0159960
0159961
0159964
0159965
0159966
0159967
0159968
0159970
0159971
0159972
0159973
0159974
0159975
0159976
0159977
0159980
0159981
0159982
0159985
0159991
0159992
0159993
0159994
0159995
0159996
0159997
0159998
0159006
0159008
0159013
0159015
0159017
0159018
0159020
0159030
0159033
0159178
0159182
0159192
0159193
0159319
0159585
0159756
0159799
1510010
1510020
1510030
1510040
1510050
1510060
1510090
1510100
1510130
1510150
1510160
1510170
1510180
1510190
1510200
1510210
1510230
1510270
1510290
1510300
1510310
1510320
1510330
1510350
1510360
1510370
1510380
1510390
1510410
1510500
1510510
1510530
1510550
1510560
1510570
1510580
1510590
1510600
1510630
1510650
1510660
1510670
1510680
1510710
1510720
1510760
1510770
1510800
1510810
1510850
1510880
1510900
1510950
1510980
1510990
1511010
1511020
1511030
1511060
1511070
1511090
1511100
1511110
1511120
1511130
1511150
1511160
1511180
1511190
1511200
1511220
1511260
1511270
1511360
1511380
1511520
1511580
1511600
1511620
1511650
1511660
1511670
1511690
1511700
1511770
1511800
1511810
1511820
1511830
1511850
1511860
1511880
1511900
1511910
1511920
1511930
1511950
1511960
1511970
1511980
1511990
1512000
1512010
1512020
1512030
1512040
1512050
1512060
1512070
1512080
1512090
1512100
1512120
1512130
1512150
1512160
1512170
1512180
1512190
1512200
1512220
1512240
1512250
1512260
1512290
1512330
1512360
1512370
1512380
1512390
1512400
1512450
1512460
1512480
1512500
1512510
1512520
1512530
1512550
1512560
1512570
1512580
1512600
1512620
1512630
1512640
1512650
1512660
1512670
1512680
1512690
1512700
1512710
1512720
1512730
1512750
1512760
1512770
1512800
1512810
1512820
1512870
1512880
1512890
1512900
1512910
1512930
1512940
1512950
1512960
1512970
1512980
1512990
1513000
1513010
1513020
1513030
1513040
1513050
1513060
1513070
1513080
1513090
1513100
1513110
1513120
1513130
1513140
1513150
1513160
1513170
1513180
1513190
1513200
1513210
1513220
1513230
1513260
1513280
1513290
1513300
1513310
1513320
1513330
1513350
1513360
1513380
1513390
1513400
1513500
1513520
1513530
1513550
1513560
1513580
1513590
1513600
1513630
1513650
1513660
1513690
1513700
1513720
1513730
1513750
1513770
1513780
1513800
1513810
1513820
1513830
1513850
1513860
1513870
1513880
1513890
1513900
1513910
1513920
1513930
1513950
1513970
1513980
1513990
1515000
1515010
1515020
1515030
1515050
1515060
1515070
1515080
1515090
1515100
1515110
1515120
1515130
1515150
1515160
1515170
1515180
1515190
1515200
1515210
1515220
1515230
1515250
1515260
1515290
1515300
1515310
1515320
1515330
1515350
1515360
1515370
1515380
1515390
1515400
1515450
1515460
1515530
1515550
1515560
1515580
1515590
1515600
1515630
1515640
1515650
1515660
1515680
1515700
1515710
1515720
1515730
1515750
1515760
1515770
1515790
1515800
1515810
1515850
1515860
1515880
1515890
1515900
1515910
1515920
1515950
1515960
1515970
1515980
1515990
1516000
1516010
1516020
1516050
1516060
1516070
1516080
1516090
1516100
1516110
1516120
1516130
1516150
1516160
1516180
1516190
1516200
1516210
1516220
1516230
1516250
1516260
1516270
1516290
1516300
1516310
1516320
1516330
1516350
1516360
1516370
1516380
1516390
1516460
1516500
1516510
1516520
1516530
1516550
1516560
1516570
1516580
1516590
1516600
1516610
1516620
1516630
1516640
1516650
1516660
1516670
1516700
1516710
1516720
1516730
1516750
1516760
1516770
1516780
1516790
1516800
1516810
1516820
1516830
1516850
1516860
1516880
1516890
1516900
1516910
1516920
1516930
1516950
1516960
1516970
1516980
1517000
1517010
1517030
1517050
1517080
1517090
1517100
1517110
1517120
1517160
1517170
1517180
1517200
1517300
1517330
1517350
1517360
1517380
1517390
1517400
1517520
1517550
1517660
1517770
1517800
1517850
1517880
1517900
1517950
1517990
1518600
1518660
1518680
1518800
1518850
1518860
1518880
1518890
1520500
1520510
1520520
1520530
1520550
1520560
1520570
1520580
1520590
1520600
1520610
1520620
1520630
1520650
1520660
1520670
1520680
1520690
1520700
1520720
1520760
1520770
1520780
1520790
1520810
1520820
1520830
1520840
1520850
1520860
1520870
1520880
1520890
1520900
1520910
1520920
1520930
1520940
1520950
1520960
1520970
1520980
1520990
1530000
1530050
1530060
1530080
1530100
1530180
1530280
1530300
1530380
1530530
1530580
1530680
1530800
1530880
1551000
1551030
1551060
1551300
1551500
1551510
1551520
1551550
1551560
1551580
1551800
1551900
1560000
1560010
1560020
1560030
1560050
1560060
1560070
1560080
1560090
1560100
1560110
1560120
1560130
1560150
1560160
1560170
1560180
1560190
1560210
1560220
1560230
1560260
1560270
1560280
1560290
1560300
1560310
1560330
1560350
1560360
1560370
1560380
1560390
1560400
1560410
1560500
1560510
1560520
1560530
1560550
1560560
1560570
1560580
1560590
1560610
1560620
1560630
1560650
1560660
1560680
1560690
1560700
1560710
1560750
1560770
1560780
1560800
1560810
1560820
1560850
1560860
1560880
1560900
1560950
1560980
1560990
1561000
1561010
1561060
1561080
1561090
1561100
1561120
1561130
1561160
1561170
1561180
1561190
1561200
1561220
1561230
1561260
1561280
1561300
1561310
1561320
1561330
1561350
1561360
1561370
1561380
1561500
1561510
1561550
1561560
1561570
1561580
1561590
1561600
1561660
1561680
1561700
1561750
1561760
1561770
1561780
1561790
1561800
1561870
1561880
1561900
1561910
1561920
1561930
1561950
1561960
1561980
1561990
1562000
1562010
1562030
1562050
1562060
1562070
1562080
1562300
1562310
1562320
1562330
1562340
1562350
1562360
1562380
1562390
1562500
1562510
1562520
1562530
1562550
1562560
1562570
1562580
1562590
1562600
1562660
1562700
1562800
1562810
1562820
1562850
1562860
1562870
1562880
1562890
1562900
1562910
1562920
1562930
1562950
1562960
1562970
1562990
1563000
1563010
1563020
1563030
1563050
1563060
1563080
1563090
1563150
1563180
1563200
1563210
1563220
1563230
1563280
1563300
1563320
1563330
1563350
1563360
1563380
1563390
1563500
1563510
1563520
1563530
1563550
1563560
1563570
1563580
1563590
1563600
1563620
1563630
1563650
1563660
1563670
1563680
1563690
1563700
1563750
1563760
1563770
1563780
1563790
1563800
1563830
1563850
1563860
1563870
1563880
1563890
1563900
1563930
1563960
1563980
1563990
1588000
1588010
1588020
1588030
1588040
1588050
1588060
1588070
1588080
1588090
1588100
1588110
1588120
1588130
1588140
1588150
1588160
1588170
1588180
1588190
1588200
1588210
1588220
1588230
1588240
1588250
1588260
1588270
1588280
1588290
1588300
1588310
1588320
1588330
1588350
1588360
1588370
1588380
1588390
1588400
1588410
1588420
1588430
1588450
1588460
1588500
1588520
1588550
1588660
1588670
1588680
1588690
1588700
1588710
1588720
1588730
1588750
1588760
1588770
1588780
1588790
1588800
1588810
1588820
1588830
1588840
1588850
1588860
1588870
1588880
1588890
1588900
1588910
1588920
1588930
1588940
1588950
1588960
1588980
1588990
1589000
1589010
1589020
1589030
1589050
1589060
1589070
1589080
1589090
1589100
1589110
1589120
1589130
1589150
1589160
1589170
1589180
1589190
1589200
1589210
1589220
1589230
1589250
1589260
1589300
1589380
1589500
1589520
1589550
1589560
1589580
1589600
1589630
1589660
1589680
1589700
1589720
1589770
1589780
1589800
1589820
1589850
1589860
1589880
1589890
1589900
1589950
1589960
1589980
1589990
1512140
1512430
1512830
1513240
1513620
1516170
1516840
1517980
1520730
1560250
1560320
1560420
1560450
1560460
1560470
1560480
1560490
1560670
1560790
1560870
1560930
1588480
1589270
1589280
1589320