
1111000
1111013
1118061
1113597
0123243
0123241
1113588
0123187
1118038
1113589
1118044
0123236
1113667
0128136
0123265
0127080
1118033
1113039
0123252
0123207
1118063
1118030
0123160
0127053
0123209
0123261
1111002
0123263
0128125
0127078
0127079
1113644
1111024
0123065
1111010
0123193
0128119
0123158
0123215
1110075
1113691
1113067
1111023
0127062
0127113
0123114
0127034
0123085
1118039
0127090
0123171
1113046
0123224
1113646
0123117
1118051
1113671
1113697
0123080
1118018
1110095
0123072
0123061
0123196
1110092
0127082
1118004
0123154
1113627
0123104
1118064
0123183
0127060
1113660
0123109
0127026
0123253
0123168
0123179
0123157
1113633
0123266
0123255
1110074
0127084
0127030
1110085
0127044
0123142
0123150
0123192
0127109
0123076
1113650
0127108
0127111
1113051
1113610
0123112
1113625
1113682
1118067
1113632
0123129
1113624
0123144
1111015
0127049
1118032
1111009
0123118
0123180
1113605
1118025
0127024
1110084
1118037
1113056
1113695
1113054
0127037
0123149
0127054
0127085
1113699
0127061
1113643
0123213
0123189
0123258
0123188
1113659
0123126
0123172
0123250
0123198
1110100
0123214
1118053
0127059
0127089
1118066
0127068
1113062
0128141
0127095
0123176
1113636
0123251
0127047
1118034
1110087
0123237
1111020
1111018
1111001
0123165
1113681
0123229
1118041
0127093
1118050
0127025
1113037
0127017
1118040
1113653
1113579
1113575
1110818
1110817
1110816
1110815
0128128
0128044
0127094
0127033
0124025
0123246
0128124
1118031
0127069
0128135
0123088
1113042
1111017
0123090
0127072
1113631
0127064
0128129
1113638
0123133
1113656
1118060
0127066
1110073
1118011
0123247
1113701
1113687
0128138
0127038
1111003
1118010
1113679
1113692
1110099
0123175
0127018
1118024
1113654
1113666
0127050
0123092
1118015
1113584
1118016
1113648
1118012
1118005
1118003
0123122
1113665
0123194
0123138
0123264
1118020
1118052
1113059
0127098
1118022
1118035
1111005
0127102
0123119
0123131
0128127
0127105
1113616
1113070
1113049
0123245
1111014
0127040
1113053
0123059
0123173
1113693
1113058
0128108
0123124
1113649
0127046
1110093
1118042
1113634
1113696
1113694
1113661
0123155
1113647
1113052
1110076
0127045
0123262
0123064
1113700
1113686
1110090
1111022
1113043
1113674
0123151
0127104
1113615
0127096
0123054
1113670
0123223
0128142
0127067
0123220
1118007
0123256
0127092
1113655
0127103
1110097
0128137
1110077
0127110
1113688
0123225
0123235
0127099
0123222
0123216
1110086
1111021
0128134
0127070
0127056
0123257
0123071
0127083
0123091
0123113
1111012
0123178
0123211
1111004
0127088
0127041
0123199
1118036
1110081
1118062
0123107
0123254
1113658
0127027
0127031
1118056
0128121
1118065
1113677
1110098
1118058
1113048
1118006
1113640
0123259
0123260
0123121
1118013
1113680
1113678
1113618
1113066
0127112
1113698
1113652
1118027
1118057
1118049
1118059
0127055
1113673
0123195
1113702
1118500
0123269
0123268
0123267